C

F
# red3	blue1	white2

01,(2022,2241,4223),(3032,3141,4133),(4231,3243),(RU'U'R'U)(RU'U'R'U)y'(R'U'R)
02,(2022,2241,4223),(3032,3141,4133),(2341,2433),(URU'R'U')y'(R'UR)
03,(2022,2241,4223),(3032,3141,4133),(3421,4323),yU'(L'ULU)y'(RU'R')

04,(2022,2241,4223),(3033,3142,4131),(4233,3241),(RUR'U')(RU'U'R'U')(RUR')
05,(2022,2241,4223),(3033,3142,4131),(4231,3243),(RU'RU)y(RU'R'F2)
06,(2022,2241,4223),(3033,3142,4131),(2341,2433),y'(R'U'RU)(R'U'R)
07,(2022,2241,4223),(3033,3142,4131),(3421,4323),(RU'R'U)(RU'R')

08,(2022,2241,4223),(3031,3143,4132),(4233,3241),(RU'U')(RUR'U)(RU'U')R2
09,(2022,2241,4223),(3031,3143,4132),(4231,3243),R2y(RUR'U')y'(R'UR')
10,(2022,2241,4223),(3031,3143,4132),(2341,2433),y'(R'U)(RU')(R'UR)
11,(2022,2241,4223),(3031,3143,4132),(3421,4323),(RUR'U')(RUR')

12,(2022,2241,4223),(3432,3343,4331),(4233,3241),(RUR'U')(RUR'U')(RUR')
13,(2022,2241,4223),(3432,3343,4331),(4231,3243),(RU'R')y'(R'U2R)
14,(2022,2241,4223),(3432,3343,4331),(2341,2433),y'(R'U2)(RUR'U')R
15,(2022,2241,4223),(3432,3343,4331),(0321,1423),d'zU'(R2U)(R'U'RU)
16,(2022,2241,4223),(3432,3343,4331),(2301,2413),F'L'U2rUx'
17,(2022,2241,4223),(3432,3343,4331),(4321,3423),y'(U2R2'U2)(RUR'UR2)
18,(2022,2241,4223),(3432,3343,4331),(2343,2431),(U2R2'U2)(R'U'RU'R2)
19,(2022,2241,4223),(3432,3343,4331),(0323,1421),Ry(RU2R'F')
20,(2022,2241,4223),(3432,3343,4331),(2303,2411),U(RU'U')(R'URU')R'
21,(2022,2241,4223),(3432,3343,4331),(4323,3421),(RU'U')(R'U'RU)R'

22,(2022,2241,4223),(3431,3342,4333),(4233,3241),U'(RU')(R'U2)(RU'R')
23,(2022,2241,4223),(3431,3342,4333),(4231,3243),U'(RUR')d(R'U'R)
24,(2022,2241,4223),(3431,3342,4333),(2341,2433),d((R'URU')(R'U'R)
25,(2022,2241,4223),(3431,3342,4333),(0321,1423),y'(R'U'R)
26,(2022,2241,4223),(3431,3342,4333),(2301,2413),(R2U)y(RU'R'F2)
27,(2022,2241,4223),(3431,3342,4333),(4321,3423),y'(RU'U')R'2U'R2U'R'
28,(2022,2241,4223),(3431,3342,4333),(2343,2431),y'(R'U)(Rd'U')(RUR')
29,(2022,2241,4223),(3431,3342,4333),(0323,1421),U'(RU'U')(R'U2)(RU'R')
30,(2022,2241,4223),(3431,3342,4333),(2303,2411),y'R2y'(R'U'RU)YR2
31,(2022,2241,4223),(3431,3342,4333),(4323,3421),URU'R'

32,(2022,2241,4223),(3433,3341,4332),(4233,3241),U'(RU'U'R'U)(RUR')
33,(2022,2241,4223),(3433,3341,4332),(4231,3243),d(R'U'R)d'(RUR')
34,(2022,2241,4223),(3433,3341,4332),(2341,2433),x(UR'U'I)
35,(2022,2241,4223),(3433,3341,4332),(0321,1423),R2y(RUR'U')y'R2
36,(2022,2241,4223),(3433,3341,4332),(2301,2413),d(R'U2)RU'U')(R'UR)
37,(2022,2241,4223),(3433,3341,4332),(4321,3423),(RU'R'U)(dR'U'R)
38,(2022,2241,4223),(3433,3341,4332),(2343,2431),(R'U2)(R2'U)(R2'UR)
39,(2022,2241,4223),(3433,3341,4332),(0323,1421),y'(R2U')(F'UF)R2
40,(2022,2241,4223),(3433,3341,4332),(2303,2411),(RUR')
41,(2022,2241,4223),(3433,3341,4332),(4323,3421),U'(RU'R'U)(RUR')

O

P





















O

P