C

F

# red2	blue3	white1

01	(2021,2243,4222),(3031,3143,4132),(4233,3242)
02	(2021,2243,4222),(3031,3143,4132),(2343,2432)
03	(2021,2243,4222),(3031,3143,4132),(3423,4322)

04	(2021,2243,4222),(3032,3141,4133),(4232,3243)
05	(2021,2243,4222),(3032,3141,4133),(4233,3242)
06	(2021,2243,4222),(3032,3141,4133),(2343,2432)
07	(2021,2243,4222),(3032,3141,4133),(3423,4322)

08	(2021,2243,4222),(3033,3142,4131),(4232,3243)
09	(2021,2243,4222),(3033,3142,4131),(4233,3242)
10	(2021,2243,4222),(3033,3142,4131),(2343,2432)
11	(2021,2243,4222),(3033,3142,4131),(3423,4322)

12	(2021,2243,4222),(3431,3342,4333),(4232,3243)
13	(2021,2243,4222),(3431,3342,4333),(4233,3242)
14	(2021,2243,4222),(3431,3342,4333),(2343,2432)
15	(2021,2243,4222),(3431,3342,4333),(0323,1422)
16	(2021,2243,4222),(3431,3342,4333),(2303,2412)
17	(2021,2243,4222),(3431,3342,4333),(4323,3422)
18	(2021,2243,4222),(3431,3342,4333),(2342,2433)
19	(2021,2243,4222),(3431,3342,4333),(0322,1423)
20	(2021,2243,4222),(3431,3342,4333),(2302,2413)
21	(2021,2243,4222),(3431,3342,4333),(4322,3423)

22	(2021,2243,4222),(3433,3341,4332),(4232,3243)
23	(2021,2243,4222),(3433,3341,4332),(4233,3242)
24	(2021,2243,4222),(3433,3341,4332),(2343,2432)
25	(2021,2243,4222),(3433,3341,4332),(0323,1422)
26	(2021,2243,4222),(3433,3341,4332),(2303,2412)
27	(2021,2243,4222),(3433,3341,4332),(4323,3422)
28	(2021,2243,4222),(3433,3341,4332),(2342,2433)
29	(2021,2243,4222),(3433,3341,4332),(0322,1423)
30	(2021,2243,4222),(3433,3341,4332),(2302,2413)
31	(2021,2243,4222),(3433,3341,4332),(4322,3423)

32	(2021,2243,4222),(3432,3343,4331),(4232,3243)
33	(2021,2243,4222),(3432,3343,4331),(4233,3242)
34	(2021,2243,4222),(3432,3343,4331),(2343,2432)
35	(2021,2243,4222),(3432,3343,4331),(0323,1422)
36	(2021,2243,4222),(3432,3343,4331),(2303,2412)
37	(2021,2243,4222),(3432,3343,4331),(4323,3422)
38	(2021,2243,4222),(3432,3343,4331),(2342,2433)
39	(2021,2243,4222),(3432,3343,4331),(0322,1423)
40	(2021,2243,4222),(3432,3343,4331),(2302,2413)
41	(2021,2243,4222),(3432,3343,4331),(4322,3423)

O
#				   (1306,2306,3306)
#					
#					1416 2416 3416
#(0316,0326,0336)	1426 2426 3426	(4316,4326,4336)
#					1436 2436 3436
#					
#				   (1346,2346,3346)

01	(2426),(0316,0326,0336),(4316,4326,4336),(2306),(2346)
02	(2426),(0316,0326,0336),(4326),(2306,3306),(2346,3346)
03	(2426,3436),(0326,0336),(4316,4326),(1306,2306),(2346)
04	(2426,3416),(0316,0326),(4326,4336),(2306),(1346,2346)
05	(2426,3426,2436,3436),(0326,0336),(4316),(1306,2306)()
06	(2426,3426,2416,3416),(0316,0326),(4336),()(1346,2346)
07	(2426,2416,1426,1436),()(4316,4326),(1306),(2346,3346)
08	(1416,1426,2426,2436),()(4326,4336),(2306,3306),(1346)
09	(2426,2416,1426,3436),(0316),(4326),(3306),(1346,2346)
10	(3416,1426,2426,2436),(0336),(4326),(1306,2306),(3346)
11	(2426,3426,1436,2436),(0326),(4316),(1306,2306),(3346)
12	(1426,2426,2436,3436),(0316),(4326),(2306,3306),(1346)
13	(1426,2426,3426,1436),()(4316),(1306,2306),(2346,3346)
14	(1426,2426,3426,3436),(0316)(),(2306,3306),(1346,2346)
15	(1426,2426,3426,3436),(0336),(4316),(1306,2306),(2346)
16	(1426,2426,3426,1436),(0316),(4336),(2306,3306),(2346)
17	(1416,2426,3436),(0326,0336),(4326),(2306,3306),(2346)
18	(1436,2426,3436),(0326),(4326),(1306,2306,3306),(2346)
19	(1416,3416,2426),(0326,0336),(4326,4336),(2306),(2346)
20	(1416,3416,2426,1436,3436),(0326),(4326),(2306),(2346)
21	(2416,1426,2426,3426,2436),()()(1306,3306),(1346,3346)
22	(2416,1426,2426,3426,2436),(0316,0336)(),(3306),(3346)
23	(1416,2416,3416,1426,2426,3426,2436),()()()(1346,3346)
24	(1416,2416,3416,1426,2426,3426,2436),(0336),(4336)()()
25	(2416,3416,1426,2426,3426,1436,2436),(0316)(),()(3346)
26	(2416,3416,1426,2426,3426,2436),(0316),(4336),()(1346)
27	(2416,1426,2426,3426,2436,3436),(0336),(4316),(1306)()
28	(1416,2416,3416,1426,2426,1436,3436),()(4326),()(2346)
29	(2416,2426,3426,1436,3436),(0316,0326),(4316),()(2346)
30	(1416,3416,2426,3426,2436),(0326,0336),(4336),(2306)()
31	(1416,1426,2426,1436,2436),()(4326),(2306,3306),(3346)
32	(3416,2426,3426,2436,3436),(0326)(),(1306,2306),(1346)
33	(3416,1426,2426,3426,3436),()()(1306,2306),(1346,2346)
34	(1416,3416,1426,2426,3426),(0336),(4336),(2306),(2346)
35	(1416,2426,3426,2436,3436),(0326),(4316),(2306),(1346)
36	(1416,1426,2426,2436,3436),()(4316,4326),(2306),(1346)
37	(1416,2416,1426,2426,3436),()(4316,4326),()(1346,2346)
38	(2416,3416,1426,2426,1436),()(4326,4336),(1306),(2346)
39	(3416,1426,2426,3426,1436),()(4336),(1306,2306),(2346)
40	(1416,1426,2426,3426,3436),(0336)(),(2306,3306),(2346)
41	(1416,3416,2426,3426,2436),(0326)(),(2306),(1346,3346)
42	(2416,2426,3426,1436,3436),(0326)(),(1306,3306),(2346)
43	(1416,1426,2426,1436,2436),()(4316,4326,4336),(2306)()
44	(3416,2426,3426,2436,3436),(0316,0326,0336)(),(2306)()
45	(3416,1426,2426,3426,3436),(0316,0336)(),(2306),(2346)
46	(1416,2416,2426,1436,2436),(0326),(4316,4326,4336)()()
47	(1426,2426,2436),(0316,0336),(4326),(2306,3306),(3346)
48	(2416,1426,2426),(0316,0336),(4326),(3306),(2346,3346)
49	(1426,2426,2436),()(4316,4326,4336),(1306,2306),(1346)
50	(2426,3426,2436),(0316,0326,0336)(),(2306,3306),(3346)
51	(1426,2426,3426),(0316,0336)(),(2306,3306),(2346,3346)
52	(2416,2426,2436),(0326),(4316,4326,4336),(1306),(1346)
53	(1426,2426,2436),()(4326),(1306,2306,3306),(1346,3346)
54	(2416,1426,2426),()(4326),(1306,3306),(1346,2346,3346)
55	(2416,2426,2436),(0316,0326,0336),(4316,4326,4336)()()
56	(1426,2426,3426),(0316,0336),(4316,4336),(2306),(2346)
57	(1416,3416,1426,2426,3426,1436,3436),()()(2306),(2346)


P
# (0314,0324,0334),(1305,2305,3305),(4312,4322,4332),(1343,2343,3343)

01	(0314,0323,0334),(1305,2305,3305),(4312,4324,4332),(1343,2342,3343)
02	(0314,0322,0334),(1305,2305,3305),(4312,4323,4332),(1343,2344,3343)
03	(0314,0322,0334),(1305,2303,3305),(4312,4324,4332),(1343,2345,3343)
04	(0314,0325,0334),(1305,2304,3305),(4312,4323,4332),(1343,2342,3343)
05	(0314,0324,0332),(1305,2305,3302),(4313,4322,4333),(1345,2343,3344)
06	(0314,0324,0333),(1305,2305,3303),(4314,4322,4335),(1342,2343,3342)
07	(0313,0324,0335),(1304,2305,3302),(4313,4322,4335),(1344,2343,3342)
08	(0314,0322,0334),(1305,2305,3302),(4313,4324,4335),(1343,2343,3342)
09	(0314,0324,0334),(1305,2303,3302),(4313,4322,4335),(1343,2345,3342)
10	(0312,0324,0334),(1303,2302,3305),(4312,4325,4334),(1343,2343,3345)
11	(0312,0325,0334),(1303,2304,3305),(4312,4322,4334),(1343,2343,3345)
12	(0314,0324,0333),(1305,2305,3305),(4312,4323,4333),(1342,2342,3344)
13	(0314,0324,0334),(1305,2305,3302),(4313,4323,4335),(1343,2342,3342)
14	(0315,0324,0334),(1302,2305,3304),(4315,4323,4332),(1343,2342,3343)
15	(0314,0324,0333),(1305,2302,3305),(4312,4325,4333),(1342,2343,3344)
16	(0313,0322,0333),(1304,2305,3305),(4312,4323,4334),(1342,2344,3345)
17	(0315,0323,0335),(1302,2304,3303),(4314,4322,4332),(1344,2345,3343)
18	(0315,0322,0335),(1302,2304,3303),(4314,4325,4332),(1344,2343,3343)
19	(0313,0325,0333),(1304,2303,3305),(4312,4322,4334),(1342,2344,3345)
20	(0312,0324,0334),(1303,2303,3305),(4312,4322,4334),(1343,2345,3345)
21	(0314,0324,0332),(1305,2303,3303),(4314,4322,4332),(1345,2345,3343)